Time_stamp,IBI
-26.046875,0.921875
-25.140625,0.906250
-24.234375,0.906250
-19.65625,0.781250
-18.84375,0.812500
-18.015625,0.828125
-17.109375,0.906250
-16.171875,0.937500
-15.25,0.921875
-14.265625,0.984375
-13.265625,1.000000
-12.234375,1.031250
-11.21875,1.015625
-10.21875,1.000000
-9.21875,1.000000
-8.234375,0.984375
-7.25,0.984375
-6.28125,0.968750
-5.375,0.906250
-4.515625,0.859375
-3.671875,0.843750
-2.84375,0.828125
3.890625,0.843750
4.8125,0.921875
5.78125,0.968750
6.75,0.968750
7.71875,0.968750
8.71875,1.000000
9.671875,0.953125
10.578125,0.906250
11.390625,0.812500
12.203125,0.812500
13.0625,0.859375
13.953125,0.890625
14.8125,0.859375
15.625,0.812500
16.390625,0.765625
17.140625,0.750000
17.875,0.734375
18.734375,0.859375
19.6875,0.953125
20.609375,0.921875
21.5625,0.953125
22.53125,0.968750
23.53125,1.000000
24.484375,0.953125
25.390625,0.906250
26.25,0.859375
27.078125,0.828125
27.90625,0.828125
28.75,0.843750
29.625,0.875000
30.515625,0.890625
31.546875,1.031250
32.625,1.078125
33.703125,1.078125
34.71875,1.015625
35.703125,0.984375
36.671875,0.968750
37.640625,0.968750
38.578125,0.937500
39.484375,0.906250
40.328125,0.843750
41.09375,0.765625
41.828125,0.734375
42.609375,0.781250
43.46875,0.859375
44.34375,0.875000
45.328125,0.984375
46.34375,1.015625
47.40625,1.062500
48.40625,1.000000
49.390625,0.984375
50.40625,1.015625
51.40625,1.000000
52.390625,0.984375
53.359375,0.968750
54.34375,0.984375
55.34375,1.000000
56.34375,1.000000
57.328125,0.984375
58.28125,0.953125
59.328125,1.046875
60.34375,1.015625
61.3125,0.968750
62.28125,0.968750
63.25,0.968750
64.265625,1.015625
65.328125,1.062500
66.390625,1.062500
67.40625,1.015625
68.40625,1.000000
69.390625,0.984375
70.390625,1.000000
71.359375,0.968750
72.3125,0.953125
73.25,0.937500
74.203125,0.953125
75.171875,0.968750
76.140625,0.968750
77.109375,0.968750
78.109375,1.000000
79.125,1.015625
80.15625,1.031250
81.125,0.968750
82.125,1.000000
83.140625,1.015625
84.1875,1.046875
85.21875,1.031250
86.25,1.031250
87.296875,1.046875
88.34375,1.046875
89.328125,0.984375
90.3125,0.984375
91.296875,0.984375
92.265625,0.968750
93.234375,0.968750
94.1875,0.953125
95.1875,1.000000
96.203125,1.015625
97.203125,1.000000
98.171875,0.968750
99.1875,1.015625
100.1875,1.000000
101.15625,0.968750
102.109375,0.953125
103.078125,0.968750
104.0625,0.984375
105.046875,0.984375
106.03125,0.984375
106.984375,0.953125
107.96875,0.984375
108.96875,1.000000
109.921875,0.953125
110.859375,0.937500
111.8125,0.953125
112.765625,0.953125
113.734375,0.968750
114.671875,0.937500
115.625,0.953125
116.59375,0.968750
117.53125,0.937500
118.453125,0.921875
119.390625,0.937500
120.34375,0.953125
121.3125,0.968750
122.25,0.937500
123.21875,0.968750
124.203125,0.984375
125.171875,0.968750
126.15625,0.984375
127.140625,0.984375
128.15625,1.015625
129.1875,1.031250
130.203125,1.015625
131.203125,1.000000
132.234375,1.031250
133.25,1.015625
134.203125,0.953125
135.1875,0.984375
136.171875,0.984375
137.1875,1.015625
138.1875,1.000000
139.171875,0.984375
140.140625,0.968750
141.078125,0.937500
142.015625,0.937500
142.984375,0.968750
143.953125,0.968750
144.875,0.921875
145.8125,0.937500
146.78125,0.968750
147.734375,0.953125
148.65625,0.921875
149.59375,0.937500
150.515625,0.921875
151.46875,0.953125
152.40625,0.937500
153.359375,0.953125
154.328125,0.968750
155.34375,1.015625
156.328125,0.984375
157.28125,0.953125
158.25,0.968750
159.21875,0.968750
160.171875,0.953125
161.140625,0.968750
162.125,0.984375
163.125,1.000000
164.09375,0.968750
165.0625,0.968750
166.03125,0.968750
167.0,0.968750
167.953125,0.953125
168.890625,0.937500
169.828125,0.937500
170.765625,0.937500
171.671875,0.906250
172.5625,0.890625
173.5,0.937500
174.46875,0.968750
175.4375,0.968750
176.390625,0.953125
177.359375,0.968750
178.328125,0.968750
179.296875,0.968750
180.21875,0.921875
181.140625,0.921875
182.078125,0.937500
183.015625,0.937500
183.921875,0.906250
184.84375,0.921875
185.8125,0.968750
186.796875,0.984375
187.75,0.953125
188.671875,0.921875
189.609375,0.937500
190.53125,0.921875
191.421875,0.890625
192.34375,0.921875
193.3125,0.968750
194.28125,0.968750
195.203125,0.921875
196.125,0.921875
197.015625,0.890625
197.859375,0.843750
198.671875,0.812500
199.4375,0.765625
200.203125,0.765625
201.046875,0.843750
201.875,0.828125
202.75,0.875000
203.65625,0.906250
204.578125,0.921875
205.5,0.921875
206.390625,0.890625
207.28125,0.890625
208.1875,0.906250
209.0625,0.875000
209.90625,0.843750
210.765625,0.859375
211.65625,0.890625
212.5625,0.906250
213.4375,0.875000
214.359375,0.921875
215.3125,0.953125
216.265625,0.953125
217.203125,0.937500
218.125,0.921875
219.0625,0.937500
220.015625,0.953125
220.984375,0.968750
221.90625,0.921875
222.828125,0.921875
223.78125,0.953125
224.78125,1.000000
225.796875,1.015625
226.796875,1.000000
227.734375,0.937500
228.65625,0.921875
229.5625,0.906250
230.46875,0.906250
231.390625,0.921875
232.34375,0.953125
233.296875,0.953125
234.234375,0.937500
235.171875,0.937500
236.125,0.953125
237.015625,0.890625
237.875,0.859375
238.6875,0.812500
239.4375,0.750000
240.21875,0.781250
241.0,0.781250
241.875,0.875000
242.78125,0.906250
243.71875,0.937500
244.671875,0.953125
245.59375,0.921875
246.546875,0.953125
247.46875,0.921875
248.390625,0.921875
249.234375,0.843750
250.109375,0.875000
250.984375,0.875000
251.890625,0.906250
252.71875,0.828125
253.609375,0.890625
254.53125,0.921875
255.515625,0.984375
256.484375,0.968750
257.453125,0.968750
258.390625,0.937500
259.296875,0.906250
260.234375,0.937500
261.1875,0.953125
262.125,0.937500
263.046875,0.921875
263.96875,0.921875
264.875,0.906250
265.734375,0.859375
266.609375,0.875000
267.5,0.890625
268.40625,0.906250
269.28125,0.875000
270.171875,0.890625
271.03125,0.859375
271.859375,0.828125
272.65625,0.796875
273.40625,0.750000
274.140625,0.734375
274.875,0.734375
275.671875,0.796875
276.515625,0.843750
277.4375,0.921875
278.3125,0.875000
279.21875,0.906250
280.140625,0.921875
281.0625,0.921875
281.984375,0.921875
282.890625,0.906250
283.78125,0.890625
284.6875,0.906250
285.609375,0.921875
286.53125,0.921875
287.46875,0.937500
288.421875,0.953125
289.421875,1.000000
290.421875,1.000000
291.375,0.953125
